"Path","Slice Name","Alias(s)","Label","Min","Max","Must Support?","Is Modifier?","Is Summary?","Type(s)","Short","Definition","Comments","Requirements","Default Value","Meaning When Missing","Fixed Value","Pattern","Example","Minimum Value","Maximum Value","Maximum Length","Binding Strength","Binding Description","Binding Value Set","Code","Slicing Discriminator","Slicing Description","Slicing Ordered","Slicing Rules","Base Path","Base Min","Base Max","Condition(s)","Constraint(s)","Mapping: Workflow Pattern","Mapping: RIM Mapping","Mapping: CDA (R2)","Mapping: FHIR DocumentReference","Mapping: FiveWs Pattern Mapping"
"Composition","","","",0,*,"","","","","A set of resources composed into a single coherent clinical statement with clinical attestation","A set of healthcare-related information that is assembled together into a single logical package that provides a single coherent statement of meaning, establishes its own context and that has clinical attestation with regard to who is making the statement. A Composition defines the structure and narrative content necessary for a document. However, a Composition alone does not constitute a document. Rather, the Composition must be the first entry in a Bundle where Bundle.type=document, and any other resources referenced from Composition must be included as subsequent entries in the Bundle (for example Patient, Practitioner, Encounter, etc.).","While the focus of this specification is on patient-specific clinical statements, this resource can also apply to other healthcare-related statements such as study protocol designs, healthcare invoices and other activities that are not necessarily patient-specific or clinical.","","","","","","","","",,,,,"",,,,"Composition",0,*,"","dom-2:If the resource is contained in another resource, it SHALL NOT contain nested Resources {contained.contained.empty()}
dom-3:If the resource is contained in another resource, it SHALL be referred to from elsewhere in the resource or SHALL refer to the containing resource {contained.where((('#'+id in (%resource.descendants().reference | %resource.descendants().as(canonical) | %resource.descendants().as(uri) | %resource.descendants().as(url))) or descendants().where(reference = '#').exists() or descendants().where(as(canonical) = '#').exists() or descendants().where(as(canonical) = '#').exists()).not()).trace('unmatched', id).empty()}dom-4:If a resource is contained in another resource, it SHALL NOT have a meta.versionId or a meta.lastUpdated {contained.meta.versionId.empty() and contained.meta.lastUpdated.empty()}dom-5:If a resource is contained in another resource, it SHALL NOT have a security label {contained.meta.security.empty()}dom-6:A resource should have narrative for robust management {text.`div`.exists()}","Event","Entity. Role, or Act","Document[classCode=""DOC"" and moodCode=""EVN"" and isNormalAct()]","ClinicalDocument","when described by DocumentReference"
"Composition.id","","","",0,1,"","","Y","string {[]} {[]}
","Logical id of this artifact","The logical id of the resource, as used in the URL for the resource. Once assigned, this value never changes.","The only time that a resource does not have an id is when it is being submitted to the server using a create operation.","","","","","","","","",,,,,"",,,,"Resource.id",0,1,"",""
"Composition.meta","","","",0,1,"","","Y","Meta {[]} {[]}
","Metadata about the resource","The metadata about the resource. This is content that is maintained by the infrastructure. Changes to the content might not always be associated with version changes to the resource.","","","","","","","","","",,,,,"",,,,"Resource.meta",0,1,"","ele-1:All FHIR elements must have a @value or children {hasValue() or (children().count() > id.count())}
"
"Composition.implicitRules","","","",0,1,"","Y","Y","uri {[]} {[]}
","A set of rules under which this content was created","A reference to a set of rules that were followed when the resource was constructed, and which must be understood when processing the content. Often, this is a reference to an implementation guide that defines the special rules along with other profiles etc.","Asserting this rule set restricts the content to be only understood by a limited set of trading partners. This inherently limits the usefulness of the data in the long term. However, the existing health eco-system is highly fractured, and not yet ready to define, collect, and exchange data in a generally computable sense. Wherever possible, implementers and/or specification writers should avoid using this element. Often, when used, the URL is a reference to an implementation guide that defines these special rules as part of it's narrative along with other profiles, value sets, etc.","","","","","","","","",,,,,"",,,,"Resource.implicitRules",0,1,"","ele-1:All FHIR elements must have a @value or children {hasValue() or (children().count() > id.count())}
"
"Composition.language","","","",0,1,"","","","code {[]} {[]}
","Language of the resource content","The base language in which the resource is written.","Language is provided to support indexing and accessibility (typically, services such as text to speech use the language tag). The html language tag in the narrative applies  to the narrative. The language tag on the resource may be used to specify the language of other presentations generated from the data in the resource. Not all the content has to be in the base language. The Resource.language should not be assumed to apply to the narrative automatically. If a language is specified, it should it also be specified on the div element in the html (see rules in HTML5 for information about the relationship between xml:lang and the html lang attribute).","","","","","","","","",,"preferred","A human language.","http://hl7.org/fhir/ValueSet/languages","",,,,"Resource.language",0,1,"","ele-1:All FHIR elements must have a @value or children {hasValue() or (children().count() > id.count())}
"
"Composition.text","","narrative
htmlxhtmldisplay","",0,1,"","","","Narrative {[]} {[]}
","Text summary of the resource, for human interpretation","A human-readable narrative that contains a summary of the resource and can be used to represent the content of the resource to a human. The narrative need not encode all the structured data, but is required to contain sufficient detail to make it ""clinically safe"" for a human to just read the narrative. Resource definitions may define what content should be represented in the narrative to ensure clinical safety.","Contained resources do not have narrative. Resources that are not contained SHOULD have a narrative. In some cases, a resource may only have text with little or no additional discrete data (as long as all minOccurs=1 elements are satisfied).  This may be necessary for data from legacy systems where information is captured as a ""text blob"" or where text is additionally entered raw or narrated and encoded information is added later.","","","","","","","","",,,,,"",,,,"DomainResource.text",0,1,"","ele-1:All FHIR elements must have a @value or children {hasValue() or (children().count() > id.count())}
","Act.text?"
"Composition.contained","","inline resources
anonymous resourcescontained resources","",0,*,"","","","Resource {[]} {[]}
","Contained, inline Resources","These resources do not have an independent existence apart from the resource that contains them - they cannot be identified independently, and nor can they have their own independent transaction scope.","This should never be done when the content can be identified properly, as once identification is lost, it is extremely difficult (and context dependent) to restore it again. Contained resources may have profiles and tags In their meta elements, but SHALL NOT have security labels.","","","","","","","","",,,,,"",,,,"DomainResource.contained",0,*,"","","N/A"
"Composition.extension","","extensions
user content","",0,*,"","","","Extension {[]} {[]}
","Additional content defined by implementations","May be used to represent additional information that is not part of the basic definition of the resource. To make the use of extensions safe and manageable, there is a strict set of governance  applied to the definition and use of extensions. Though any implementer can define an extension, there is a set of requirements that SHALL be met as part of the definition of the extension.","There can be no stigma associated with the use of extensions by any application, project, or standard - regardless of the institution or jurisdiction that uses or defines the extensions.  The use of extensions is what allows the FHIR specification to retain a core level of simplicity for everyone.","","","","","","","","",,,,,"",,,,"DomainResource.extension",0,*,"","ele-1:All FHIR elements must have a @value or children {hasValue() or (children().count() > id.count())}
ext-1:Must have either extensions or value[x], not both {extension.exists() != value.exists()}","N/A"
"Composition.modifierExtension","","extensions
user content","",0,*,"","Y","","Extension {[]} {[]}
","Extensions that cannot be ignored","May be used to represent additional information that is not part of the basic definition of the resource and that modifies the understanding of the element that contains it and/or the understanding of the containing element's descendants. Usually modifier elements provide negation or qualification. To make the use of extensions safe and manageable, there is a strict set of governance applied to the definition and use of extensions. Though any implementer is allowed to define an extension, there is a set of requirements that SHALL be met as part of the definition of the extension. Applications processing a resource are required to check for modifier extensions.

Modifier extensions SHALL NOT change the meaning of any elements on Resource or DomainResource (including cannot change the meaning of modifierExtension itself).","There can be no stigma associated with the use of extensions by any application, project, or standard - regardless of the institution or jurisdiction that uses or defines the extensions.  The use of extensions is what allows the FHIR specification to retain a core level of simplicity for everyone.","Modifier extensions allow for extensions that *cannot* be safely ignored to be clearly distinguished from the vast majority of extensions which can be safely ignored.  This promotes interoperability by eliminating the need for implementers to prohibit the presence of extensions. For further information, see the [definition of modifier extensions](http://hl7.org/fhir/R4/extensibility.html#modifierExtension).","","","","","","","",,,,,"",,,,"DomainResource.modifierExtension",0,*,"","ele-1:All FHIR elements must have a @value or children {hasValue() or (children().count() > id.count())}
ext-1:Must have either extensions or value[x], not both {extension.exists() != value.exists()}","N/A"
"Composition.identifier","","","",0,1,"","","Y","Identifier {[]} {[]}
","Version-independent identifier for the Composition","A version-independent identifier for the Composition. This identifier stays constant as the composition is changed over time.","Similar to ClinicalDocument/setId in CDA. See discussion in resource definition for how these relate.","","","","","","","","",,,,,"",,,,"Composition.identifier",0,1,"","ele-1:All FHIR elements must have a @value or children {hasValue() or (children().count() > id.count())}
","Event.identifier","Document.id / Document.setId",".setId","DocumentReference.masterIdentifier","FiveWs.identifier"
"Composition.status","","","",1,1,"","Y","Y","code {[]} {[]}
","preliminary | final | amended | entered-in-error","The workflow/clinical status of this composition. The status is a marker for the clinical standing of the document.","If a composition is marked as withdrawn, the compositions/documents in the series, or data from the composition or document series, should never be displayed to a user without being clearly marked as untrustworthy. The flag ""entered-in-error"" is why this element is labeled as a modifier of other elements.   

Some reporting work flows require that the original narrative of a final document never be altered; instead, only new narrative can be added. The composition resource has no explicit status for explicitly noting whether this business rule is in effect. This would be handled by an extension if required.","Need to be able to mark interim, amended, or withdrawn compositions or documents.","","","","","","","",,"required","The workflow/clinical status of the composition.","http://hl7.org/fhir/ValueSet/composition-status|4.0.1","",,,,"Composition.status",1,1,"","ele-1:All FHIR elements must have a @value or children {hasValue() or (children().count() > id.count())}
","Event.status","interim: .completionCode=""IN"" & ./statusCode[isNormalDatatype()]=""active"";  final: .completionCode=""AU"" &&  ./statusCode[isNormalDatatype()]=""complete"" and not(./inboundRelationship[typeCode=""SUBJ"" and isNormalActRelationship()]/source[subsumesCode(""ActClass#CACT"") and moodCode=""EVN"" and domainMember(""ReviseComposition"", code) and isNormalAct()]);  amended: .completionCode=""AU"" &&  ./statusCode[isNormalDatatype()]=""complete"" and ./inboundRelationship[typeCode=""SUBJ"" and isNormalActRelationship()]/source[subsumesCode(""ActClass#CACT"") and moodCode=""EVN"" and domainMember(""ReviseComposition"", code) and isNormalAct() and statusCode=""completed""];  withdrawn : .completionCode=NI &&  ./statusCode[isNormalDatatype()]=""obsolete""","n/a","DocumentReference.status","FiveWs.status"
"Composition.type","","","",1,1,"","","Y","CodeableConcept {[]} {[]}
","Kind of composition (LOINC if possible)","Specifies the particular kind of composition (e.g. History and Physical, Discharge Summary, Progress Note). This usually equates to the purpose of making the composition.","For Composition type, LOINC is ubiquitous and strongly endorsed by HL7. Most implementation guides will require a specific LOINC code, or use LOINC as an extensible binding.","Key metadata element describing the composition, used in searching/filtering.","","","","<valueCodeableConcept xmlns=""http://hl7.org/fhir"">
  <coding>
    <system value=""http://snomed.info/sct""/>
    <code value=""422432008""/>
    <display value=""Family history section""/>
  </coding>
</valueCodeableConcept>","","","",,"preferred","Type of a composition.","http://hl7.org/fhir/ValueSet/doc-typecodes","",,,,"Composition.type",1,1,"","ele-1:All FHIR elements must have a @value or children {hasValue() or (children().count() > id.count())}
","Event.code","./code",".code","DocumentReference.type","FiveWs.class"
"Composition.category","","","",0,*,"","","Y","CodeableConcept {[]} {[]}
","Categorization of Composition","A categorization for the type of the composition - helps for indexing and searching. This may be implied by or derived from the code specified in the Composition Type.","This is a metadata field from [XDS/MHD](http://wiki.ihe.net/index.php?title=Mobile_access_to_Health_Documents_(MHD)).","Helps humans to assess whether the composition is of interest when viewing an index of compositions or documents.","","","","","","","",,"example","High-level kind of a clinical document at a macro level.","http://hl7.org/fhir/ValueSet/document-classcodes","",,,,"Composition.category",0,*,"","ele-1:All FHIR elements must have a @value or children {hasValue() or (children().count() > id.count())}
","Event.subject",".outboundRelationship[typeCode=""COMP].target[classCode=""LIST"", moodCode=""EVN""].code","n/a","DocumenttReference.category","FiveWs.class"
"Composition.subject","","","",0,1,"Y","","Y","Reference {[]} {[CanonicalType[http://hl7.org/fhir/StructureDefinition/Resource]]}
","Who and/or what the composition is about","Who or what the composition is about. The composition can be about a person, (patient or healthcare practitioner), a device (e.g. a machine) or even a group of subjects (such as a document about a herd of livestock, or a set of patients that share a common exposure).","For clinical documents, this is usually the patient.","Essential metadata for searching for the composition. Identifies who and/or what the composition/document is about.","","","","","","","",,,,,"",,,,"Composition.subject",0,1,"","ele-1:All FHIR elements must have a @value or children {hasValue() or (children().count() > id.count())}
",".participation[typeCode=""SBJ""].role[typeCode=""PAT""]",".recordTarget","DocumentReference.subject","FiveWs.subject[x]","FiveWs.subject"
"Composition.encounter","","","",0,1,"","","Y","Reference {[]} {[CanonicalType[http://hl7.org/fhir/StructureDefinition/Encounter]]}
","Context of the Composition","Describes the clinical encounter or type of care this documentation is associated with.","","Provides context for the composition and supports searching.","","","","","","","",,,,,"",,,,"Composition.encounter",0,1,"","ele-1:All FHIR elements must have a @value or children {hasValue() or (children().count() > id.count())}
","Event.context","unique(highest(./outboundRelationship[typeCode=""SUBJ"" and isNormalActRelationship()], priorityNumber)/target[moodCode=""EVN"" and classCode=(""ENC"", ""PCPR"") and isNormalAct])",".componentOf.encompassingEncounter","DocumentReference.context.encounter","FiveWs.context"
"Composition.date","","","",1,1,"","","Y","dateTime {[]} {[]}
","Composition editing time","The composition editing time, when the composition was last logically changed by the author.","The Last Modified Date on the composition may be after the date of the document was attested without being changed.","dateTime is used for tracking, organizing versions and searching. Note that this is the time of *authoring*. When packaged in a document, [Bundle.timestamp](http://hl7.org/fhir/R4/bundle-definitions.html#Bundle.timestamp) is the date of packaging.","","","","","","","",,,,,"",,,,"Composition.date",1,1,"","ele-1:All FHIR elements must have a @value or children {hasValue() or (children().count() > id.count())}
","Event.occurrence[x]",".effectiveTime[type=""TS""]",".effectiveTime","DocumentReference.content.attachment.date, DocumentReference.created","FiveWs.done[x]"
"Composition.author","","","",1,*,"","","Y","Reference {[]} {[CanonicalType[http://hl7.org/fhir/StructureDefinition/Practitioner], CanonicalType[http://hl7.org/fhir/StructureDefinition/PractitionerRole], CanonicalType[http://hl7.org/fhir/StructureDefinition/Device], CanonicalType[http://hl7.org/fhir/StructureDefinition/Patient], CanonicalType[http://hl7.org/fhir/StructureDefinition/RelatedPerson], CanonicalType[http://hl7.org/fhir/StructureDefinition/Organization]]}
","Who and/or what authored the composition","Identifies who is responsible for the information in the composition, not necessarily who typed it in.","","Identifies who is responsible for the content.","","","","","","","",,,,,"",,,,"Composition.author",1,*,"","ele-1:All FHIR elements must have a @value or children {hasValue() or (children().count() > id.count())}
","Event.performer",".participation[typeCode=""AUT""].role[classCode=""ASSIGNED""]",".author.assignedAuthor","DocumentReference.agent","FiveWs.author"
"Composition.title","","","",1,1,"","","Y","string {[]} {[]}
","Human Readable name/title","Official human-readable label for the composition.","For many compositions, the title is the same as the text or a display name of Composition.type (e.g. a ""consultation"" or ""progress note""). Note that CDA does not make title mandatory, but there are no known cases where it is useful for title to be omitted, so it is mandatory here. Feedback on this requirement is welcome during the trial use period.","","","","","","","","",,,,,"",,,,"Composition.title",1,1,"","ele-1:All FHIR elements must have a @value or children {hasValue() or (children().count() > id.count())}
","./title",".title","DocumentReference.description, DocumentReference.content.attachment.title"
"Composition.confidentiality","","","",0,1,"","","Y","code {[]} {[]}
","As defined by affinity domain","The code specifying the level of confidentiality of the Composition.","The exact use of this element, and enforcement and issues related to highly sensitive documents are out of scope for the base specification, and delegated to implementation profiles (see security section).  This element is labeled as a modifier because highly confidential documents must not be treated as if they are not.","","","","","","","","",,"required","Codes specifying the level of confidentiality of the composition.","http://terminology.hl7.org/ValueSet/v3-ConfidentialityClassification|2014-03-26","",,,,"Composition.confidentiality",0,1,"","ele-1:All FHIR elements must have a @value or children {hasValue() or (children().count() > id.count())}
",".confidentialityCode",".confidentialityCode","DocumentReference.securityLabel"
"Composition.attester","","","",0,*,"","","","BackboneElement {[]} {[]}
","Attests to accuracy of composition","A participant who has attested to the accuracy of the composition/document.","Only list each attester once.","Identifies responsibility for the accuracy of the composition content.","","","","","","","",,,,,"",,,,"Composition.attester",0,*,"","ele-1:All FHIR elements must have a @value or children {hasValue() or (children().count() > id.count())}
",".participation[typeCode=""AUTHEN""].role[classCode=""ASSIGNED""]",".authenticator/.legalAuthenticator","DocumentReference.authenticator"
"Composition.attester.id","","","",0,1,"","","","string {[]} {[]}
","Unique id for inter-element referencing","Unique id for the element within a resource (for internal references). This may be any string value that does not contain spaces.","","","","","","","","","",,,,,"",,,,"Element.id",0,1,"","","n/a"
"Composition.attester.extension","","extensions
user content","",0,*,"","","","Extension {[]} {[]}
","Additional content defined by implementations","May be used to represent additional information that is not part of the basic definition of the element. To make the use of extensions safe and manageable, there is a strict set of governance  applied to the definition and use of extensions. Though any implementer can define an extension, there is a set of requirements that SHALL be met as part of the definition of the extension.","There can be no stigma associated with the use of extensions by any application, project, or standard - regardless of the institution or jurisdiction that uses or defines the extensions.  The use of extensions is what allows the FHIR specification to retain a core level of simplicity for everyone.","","","","","","","","",,,,,"",,,,"Element.extension",0,*,"","ele-1:All FHIR elements must have a @value or children {hasValue() or (children().count() > id.count())}
ext-1:Must have either extensions or value[x], not both {extension.exists() != value.exists()}","n/a"
"Composition.attester.modifierExtension","","extensions
user contentmodifiers","",0,*,"","Y","Y","Extension {[]} {[]}
","Extensions that cannot be ignored even if unrecognized","May be used to represent additional information that is not part of the basic definition of the element and that modifies the understanding of the element in which it is contained and/or the understanding of the containing element's descendants. Usually modifier elements provide negation or qualification. To make the use of extensions safe and manageable, there is a strict set of governance applied to the definition and use of extensions. Though any implementer can define an extension, there is a set of requirements that SHALL be met as part of the definition of the extension. Applications processing a resource are required to check for modifier extensions.

Modifier extensions SHALL NOT change the meaning of any elements on Resource or DomainResource (including cannot change the meaning of modifierExtension itself).","There can be no stigma associated with the use of extensions by any application, project, or standard - regardless of the institution or jurisdiction that uses or defines the extensions.  The use of extensions is what allows the FHIR specification to retain a core level of simplicity for everyone.","Modifier extensions allow for extensions that *cannot* be safely ignored to be clearly distinguished from the vast majority of extensions which can be safely ignored.  This promotes interoperability by eliminating the need for implementers to prohibit the presence of extensions. For further information, see the [definition of modifier extensions](http://hl7.org/fhir/R4/extensibility.html#modifierExtension).","","","","","","","",,,,,"",,,,"BackboneElement.modifierExtension",0,*,"","ele-1:All FHIR elements must have a @value or children {hasValue() or (children().count() > id.count())}
ext-1:Must have either extensions or value[x], not both {extension.exists() != value.exists()}","N/A"
"Composition.attester.mode","","","",1,1,"","","","code {[]} {[]}
","personal | professional | legal | official","The type of attestation the authenticator offers.","","Indicates the level of authority of the attestation.","","","","","","","",,"required","The way in which a person authenticated a composition.","http://hl7.org/fhir/ValueSet/composition-attestation-mode|4.0.1","",,,,"Composition.attester.mode",1,1,"","ele-1:All FHIR elements must have a @value or children {hasValue() or (children().count() > id.count())}
","unique(./modeCode)","implied by .authenticator/.legalAuthenticator"
"Composition.attester.time","","","",0,1,"","","","dateTime {[]} {[]}
","When the composition was attested","When the composition was attested by the party.","","Identifies when the information in the composition was deemed accurate.  (Things may have changed since then.).","","","","","","","",,,,,"",,,,"Composition.attester.time",0,1,"","ele-1:All FHIR elements must have a @value or children {hasValue() or (children().count() > id.count())}
","./time[type=""TS"" and isNormalDatatype()]",".authenticator.time"
"Composition.attester.party","","","",0,1,"","","","Reference {[]} {[CanonicalType[http://hl7.org/fhir/StructureDefinition/Patient], CanonicalType[http://hl7.org/fhir/StructureDefinition/RelatedPerson], CanonicalType[http://hl7.org/fhir/StructureDefinition/Practitioner], CanonicalType[http://hl7.org/fhir/StructureDefinition/PractitionerRole], CanonicalType[http://hl7.org/fhir/StructureDefinition/Organization]]}
","Who attested the composition","Who attested the composition in the specified way.","","Identifies who has taken on the responsibility for accuracy of the composition content.","","","","","","","",,,,,"",,,,"Composition.attester.party",0,1,"","ele-1:All FHIR elements must have a @value or children {hasValue() or (children().count() > id.count())}
","./role[classCode=""ASSIGNED"" and isNormalRole]/player[determinerCode=""INST"" and classCode=(""DEV"", ""PSN"") and isNormalEntity()] or ./role[classCode=""ASSIGNED"" and isNormalRole and not(player)]/scoper[determinerCode=""INST"" and classCode=""ORG"" and isNormalEntity()]",".authenticator.assignedEnttty","FiveWs.witness"
"Composition.custodian","","","",0,1,"","","Y","Reference {[]} {[CanonicalType[http://hl7.org/fhir/StructureDefinition/Organization]]}
","Organization which maintains the composition","Identifies the organization or group who is responsible for ongoing maintenance of and access to the composition/document information.","This is useful when documents are derived from a composition - provides guidance for how to get the latest version of the document. This is optional because this is sometimes not known by the authoring system, and can be inferred by context. However, it is important that this information be known when working with a derived document, so providing a custodian is encouraged.","Identifies where to go to find the current version, where to report issues, etc.","","","","","","","",,,,,"",,,,"Composition.custodian",0,1,"","ele-1:All FHIR elements must have a @value or children {hasValue() or (children().count() > id.count())}
",".participation[typeCode=""RCV""].role[classCode=""CUST""].scoper[classCode=""ORG"" and determinerCode=""INST""]",".custodian.assignedCustodian","DocumentReference.custodian"
"Composition.relatesTo","","","",0,*,"","","","BackboneElement {[]} {[]}
","Relationships to other compositions/documents","Relationships that this composition has with other compositions or documents that already exist.","A document is a version specific composition.","","","","","","","","",,,,,"",,,,"Composition.relatesTo",0,*,"","ele-1:All FHIR elements must have a @value or children {hasValue() or (children().count() > id.count())}
",".outboundRelationship",".relatedDocument","DocumentReference.relatesTo"
"Composition.relatesTo.id","","","",0,1,"","","","string {[]} {[]}
","Unique id for inter-element referencing","Unique id for the element within a resource (for internal references). This may be any string value that does not contain spaces.","","","","","","","","","",,,,,"",,,,"Element.id",0,1,"","","n/a"
"Composition.relatesTo.extension","","extensions
user content","",0,*,"","","","Extension {[]} {[]}
","Additional content defined by implementations","May be used to represent additional information that is not part of the basic definition of the element. To make the use of extensions safe and manageable, there is a strict set of governance  applied to the definition and use of extensions. Though any implementer can define an extension, there is a set of requirements that SHALL be met as part of the definition of the extension.","There can be no stigma associated with the use of extensions by any application, project, or standard - regardless of the institution or jurisdiction that uses or defines the extensions.  The use of extensions is what allows the FHIR specification to retain a core level of simplicity for everyone.","","","","","","","","",,,,,"",,,,"Element.extension",0,*,"","ele-1:All FHIR elements must have a @value or children {hasValue() or (children().count() > id.count())}
ext-1:Must have either extensions or value[x], not both {extension.exists() != value.exists()}","n/a"
"Composition.relatesTo.modifierExtension","","extensions
user contentmodifiers","",0,*,"","Y","Y","Extension {[]} {[]}
","Extensions that cannot be ignored even if unrecognized","May be used to represent additional information that is not part of the basic definition of the element and that modifies the understanding of the element in which it is contained and/or the understanding of the containing element's descendants. Usually modifier elements provide negation or qualification. To make the use of extensions safe and manageable, there is a strict set of governance applied to the definition and use of extensions. Though any implementer can define an extension, there is a set of requirements that SHALL be met as part of the definition of the extension. Applications processing a resource are required to check for modifier extensions.

Modifier extensions SHALL NOT change the meaning of any elements on Resource or DomainResource (including cannot change the meaning of modifierExtension itself).","There can be no stigma associated with the use of extensions by any application, project, or standard - regardless of the institution or jurisdiction that uses or defines the extensions.  The use of extensions is what allows the FHIR specification to retain a core level of simplicity for everyone.","Modifier extensions allow for extensions that *cannot* be safely ignored to be clearly distinguished from the vast majority of extensions which can be safely ignored.  This promotes interoperability by eliminating the need for implementers to prohibit the presence of extensions. For further information, see the [definition of modifier extensions](http://hl7.org/fhir/R4/extensibility.html#modifierExtension).","","","","","","","",,,,,"",,,,"BackboneElement.modifierExtension",0,*,"","ele-1:All FHIR elements must have a @value or children {hasValue() or (children().count() > id.count())}
ext-1:Must have either extensions or value[x], not both {extension.exists() != value.exists()}","N/A"
"Composition.relatesTo.code","","","",1,1,"","","","code {[]} {[]}
","replaces | transforms | signs | appends","The type of relationship that this composition has with anther composition or document.","If this document appends another document, then the document cannot be fully understood without also accessing the referenced document.","","","","","","","","",,"required","The type of relationship between documents.","http://hl7.org/fhir/ValueSet/document-relationship-type|4.0.1","",,,,"Composition.relatesTo.code",1,1,"","ele-1:All FHIR elements must have a @value or children {hasValue() or (children().count() > id.count())}
",".outboundRelationship.typeCode",".relatedDocument.typeCode","DocumentReference.relatesTo.code"
"Composition.relatesTo.target[x]","","","",1,1,"","","","Identifier {[]} {[]}
Reference {[]} {[CanonicalType[http://hl7.org/fhir/StructureDefinition/Composition]]}","Target of the relationship","The target composition/document of this relationship.","","","","","","","","","",,,,,"",,,,"Composition.relatesTo.target[x]",1,1,"","ele-1:All FHIR elements must have a @value or children {hasValue() or (children().count() > id.count())}
",".target[classCode=""DOC"", moodCode=""EVN""].id",".relatedDocument.id","DocumentReference.relatesTo.target"
"Composition.event","","","",0,*,"","","Y","BackboneElement {[]} {[]}
","The clinical service(s) being documented","The clinical service, such as a colonoscopy or an appendectomy, being documented.","The event needs to be consistent with the type element, though can provide further information if desired.","Provides context for the composition and creates a linkage between a resource describing an event and the composition created describing the event.","","","","","","","",,,,,"",,,,"Composition.event",0,*,"","ele-1:All FHIR elements must have a @value or children {hasValue() or (children().count() > id.count())}
","outboundRelationship[typeCode=""SUBJ""].target[classCode<'ACT']",".documentationOf.serviceEvent","DocumentReference.event"
"Composition.event.id","","","",0,1,"","","","string {[]} {[]}
","Unique id for inter-element referencing","Unique id for the element within a resource (for internal references). This may be any string value that does not contain spaces.","","","","","","","","","",,,,,"",,,,"Element.id",0,1,"","","n/a"
"Composition.event.extension","","extensions
user content","",0,*,"","","","Extension {[]} {[]}
","Additional content defined by implementations","May be used to represent additional information that is not part of the basic definition of the element. To make the use of extensions safe and manageable, there is a strict set of governance  applied to the definition and use of extensions. Though any implementer can define an extension, there is a set of requirements that SHALL be met as part of the definition of the extension.","There can be no stigma associated with the use of extensions by any application, project, or standard - regardless of the institution or jurisdiction that uses or defines the extensions.  The use of extensions is what allows the FHIR specification to retain a core level of simplicity for everyone.","","","","","","","","",,,,,"",,,,"Element.extension",0,*,"","ele-1:All FHIR elements must have a @value or children {hasValue() or (children().count() > id.count())}
ext-1:Must have either extensions or value[x], not both {extension.exists() != value.exists()}","n/a"
"Composition.event.modifierExtension","","extensions
user contentmodifiers","",0,*,"","Y","Y","Extension {[]} {[]}
","Extensions that cannot be ignored even if unrecognized","May be used to represent additional information that is not part of the basic definition of the element and that modifies the understanding of the element in which it is contained and/or the understanding of the containing element's descendants. Usually modifier elements provide negation or qualification. To make the use of extensions safe and manageable, there is a strict set of governance applied to the definition and use of extensions. Though any implementer can define an extension, there is a set of requirements that SHALL be met as part of the definition of the extension. Applications processing a resource are required to check for modifier extensions.

Modifier extensions SHALL NOT change the meaning of any elements on Resource or DomainResource (including cannot change the meaning of modifierExtension itself).","There can be no stigma associated with the use of extensions by any application, project, or standard - regardless of the institution or jurisdiction that uses or defines the extensions.  The use of extensions is what allows the FHIR specification to retain a core level of simplicity for everyone.","Modifier extensions allow for extensions that *cannot* be safely ignored to be clearly distinguished from the vast majority of extensions which can be safely ignored.  This promotes interoperability by eliminating the need for implementers to prohibit the presence of extensions. For further information, see the [definition of modifier extensions](http://hl7.org/fhir/R4/extensibility.html#modifierExtension).","","","","","","","",,,,,"",,,,"BackboneElement.modifierExtension",0,*,"","ele-1:All FHIR elements must have a @value or children {hasValue() or (children().count() > id.count())}
ext-1:Must have either extensions or value[x], not both {extension.exists() != value.exists()}","N/A"
"Composition.event.code","","","",0,*,"","","Y","CodeableConcept {[]} {[]}
","Code(s) that apply to the event being documented","This list of codes represents the main clinical acts, such as a colonoscopy or an appendectomy, being documented. In some cases, the event is inherent in the typeCode, such as a ""History and Physical Report"" in which the procedure being documented is necessarily a ""History and Physical"" act.","An event can further specialize the act inherent in the typeCode, such as where it is simply ""Procedure Report"" and the procedure was a ""colonoscopy"". If one or more eventCodes are included, they SHALL NOT conflict with the values inherent in the classCode, practiceSettingCode or typeCode, as such a conflict would create an ambiguous situation. This short list of codes is provided to be used as key words for certain types of queries.","","","","","","","","",,"example","This list of codes represents the main clinical acts being documented.","http://terminology.hl7.org/ValueSet/v3-ActCode","",,,,"Composition.event.code",0,*,"","ele-1:All FHIR elements must have a @value or children {hasValue() or (children().count() > id.count())}
",".code",".code","DocumentReference.event.code"
"Composition.event.period","","","",0,1,"","","Y","Period {[]} {[]}
","The period covered by the documentation","The period of time covered by the documentation. There is no assertion that the documentation is a complete representation for this period, only that it documents events during this time.","","","","","","","","","",,,,,"",,,,"Composition.event.period",0,1,"","ele-1:All FHIR elements must have a @value or children {hasValue() or (children().count() > id.count())}
",".effectiveTime",".effectiveTime","DocumentReference.event.period"
"Composition.event.detail","","","",0,*,"","","Y","Reference {[]} {[CanonicalType[http://hl7.org/fhir/StructureDefinition/Resource]]}
","The event(s) being documented","The description and/or reference of the event(s) being documented. For example, this could be used to document such a colonoscopy or an appendectomy.","","","","","","","","","",,,,,"",,,,"Composition.event.detail",0,*,"","ele-1:All FHIR elements must have a @value or children {hasValue() or (children().count() > id.count())}
",".outboundRelationship[typeCode=""SUBJ""].target","n/a"
"Composition.section","","","",4,*,"","","","BackboneElement {[]} {[]}
","Composition is broken into sections","The root of the sections that make up the composition.","","","","","","","","","",,,,,"","value:code}
","Slice based on the section.code pattern",Y,"closed","Composition.section",0,*,"","cmp-1:A section must contain at least one of text, entries, or sub-sections {text.exists() or entry.exists() or section.exists()}
cmp-2:A section can only have an emptyReason if it is empty {emptyReason.empty() or entry.empty()}ele-1:All FHIR elements must have a @value or children {hasValue() or (children().count() > id.count())}","./outboundRelationship[typeCode=""COMP"" and isNormalActRelationship()]/target[moodCode=""EVN"" and classCode=""DOCSECT"" and isNormalAct]",".component.structuredBody.component.section"
"Composition.section.id","","","",0,1,"","","","string {[]} {[]}
","Unique id for inter-element referencing","Unique id for the element within a resource (for internal references). This may be any string value that does not contain spaces.","","","","","","","","","",,,,,"",,,,"Element.id",0,1,"","","n/a"
"Composition.section.extension","","extensions
user content","",0,*,"","","","Extension {[]} {[]}
","Additional content defined by implementations","May be used to represent additional information that is not part of the basic definition of the element. To make the use of extensions safe and manageable, there is a strict set of governance  applied to the definition and use of extensions. Though any implementer can define an extension, there is a set of requirements that SHALL be met as part of the definition of the extension.","There can be no stigma associated with the use of extensions by any application, project, or standard - regardless of the institution or jurisdiction that uses or defines the extensions.  The use of extensions is what allows the FHIR specification to retain a core level of simplicity for everyone.","","","","","","","","",,,,,"",,,,"Element.extension",0,*,"","ele-1:All FHIR elements must have a @value or children {hasValue() or (children().count() > id.count())}
ext-1:Must have either extensions or value[x], not both {extension.exists() != value.exists()}","n/a"
"Composition.section.modifierExtension","","extensions
user contentmodifiers","",0,*,"","Y","Y","Extension {[]} {[]}
","Extensions that cannot be ignored even if unrecognized","May be used to represent additional information that is not part of the basic definition of the element and that modifies the understanding of the element in which it is contained and/or the understanding of the containing element's descendants. Usually modifier elements provide negation or qualification. To make the use of extensions safe and manageable, there is a strict set of governance applied to the definition and use of extensions. Though any implementer can define an extension, there is a set of requirements that SHALL be met as part of the definition of the extension. Applications processing a resource are required to check for modifier extensions.

Modifier extensions SHALL NOT change the meaning of any elements on Resource or DomainResource (including cannot change the meaning of modifierExtension itself).","There can be no stigma associated with the use of extensions by any application, project, or standard - regardless of the institution or jurisdiction that uses or defines the extensions.  The use of extensions is what allows the FHIR specification to retain a core level of simplicity for everyone.","Modifier extensions allow for extensions that *cannot* be safely ignored to be clearly distinguished from the vast majority of extensions which can be safely ignored.  This promotes interoperability by eliminating the need for implementers to prohibit the presence of extensions. For further information, see the [definition of modifier extensions](http://hl7.org/fhir/R4/extensibility.html#modifierExtension).","","","","","","","",,,,,"",,,,"BackboneElement.modifierExtension",0,*,"","ele-1:All FHIR elements must have a @value or children {hasValue() or (children().count() > id.count())}
ext-1:Must have either extensions or value[x], not both {extension.exists() != value.exists()}","N/A"
"Composition.section.title","","header
labelcaption","",0,1,"","","","string {[]} {[]}
","Label for section (e.g. for ToC)","The label for this particular section.  This will be part of the rendered content for the document, and is often used to build a table of contents.","The title identifies the section for a human reader. The title must be consistent with the narrative of the resource that is the target of the section.content reference. Generally, sections SHOULD have titles, but in some documents, it is unnecessary or inappropriate. Typically, this is where a section has subsections that have their own adequately distinguishing title,  or documents that only have a single section. Most Implementation Guides will make section title to be a required element.","Section headings are often standardized for different types of documents.  They give guidance to humans on how the document is organized.","","","","","","","",,,,,"",,,,"Composition.section.title",0,1,"","ele-1:All FHIR elements must have a @value or children {hasValue() or (children().count() > id.count())}
","./title",".title"
"Composition.section.code","","","",0,1,"","","","CodeableConcept {[]} {[]}
","Classification of section (recommended)","A code identifying the kind of content contained within the section. This must be consistent with the section title.","The code identifies the section for an automated processor of the document. This is particularly relevant when using profiles to control the structure of the document.   

If the section has content (instead of sub-sections), the section.code does not change the meaning or interpretation of the resource that is the content of the section in the comments for the section.code.","Provides computable standardized labels to topics within the document.","","","","","","","",,"example","Classification of a section of a composition/document.","http://hl7.org/fhir/ValueSet/doc-section-codes","",,,,"Composition.section.code",0,1,"","ele-1:All FHIR elements must have a @value or children {hasValue() or (children().count() > id.count())}
","./code",".code"
"Composition.section.author","","","",0,*,"","","","Reference {[]} {[CanonicalType[http://hl7.org/fhir/StructureDefinition/Practitioner], CanonicalType[http://hl7.org/fhir/StructureDefinition/PractitionerRole], CanonicalType[http://hl7.org/fhir/StructureDefinition/Device], CanonicalType[http://hl7.org/fhir/StructureDefinition/Patient], CanonicalType[http://hl7.org/fhir/StructureDefinition/RelatedPerson], CanonicalType[http://hl7.org/fhir/StructureDefinition/Organization]]}
","Who and/or what authored the section","Identifies who is responsible for the information in this section, not necessarily who typed it in.","","Identifies who is responsible for the content.","","","","","","","",,,,,"",,,,"Composition.section.author",0,*,"","ele-1:All FHIR elements must have a @value or children {hasValue() or (children().count() > id.count())}
",".participation[typeCode=""AUT""].role[classCode=""ASSIGNED""]",".author.assignedAuthor","FiveWs.author"
"Composition.section.focus","","","",0,1,"","","","Reference {[]} {[CanonicalType[http://hl7.org/fhir/StructureDefinition/Resource]]}
","Who/what the section is about, when it is not about the subject of composition","The actual focus of the section when it is not the subject of the composition, but instead represents something or someone associated with the subject such as (for a patient subject) a spouse, parent, fetus, or donor. If not focus is specified, the focus is assumed to be focus of the parent section, or, for a section in the Composition itself, the subject of the composition. Sections with a focus SHALL only include resources where the logical subject (patient, subject, focus, etc.) matches the section focus, or the resources have no logical subject (few resources).","Typically, sections in a doument are about the subject of the document, whether that is a  patient, or group of patients, location, or device, or whatever. For some kind of documents, some sections actually contain data about related entities. Typical examples are  a section in a newborn discharge summary concerning the mother, or family history documents, with a section about each family member, though there are many other examples.","","","","","","","","",,,,,"",,,,"Composition.section.focus",0,1,"","ele-1:All FHIR elements must have a @value or children {hasValue() or (children().count() > id.count())}
",".subject? (CDA did not differentiate between subject and focus)"
"Composition.section.text","","","",0,1,"","","","Narrative {[]} {[]}
","Text summary of the section, for human interpretation","A human-readable narrative that contains the attested content of the section, used to represent the content of the resource to a human. The narrative need not encode all the structured data, but is required to contain sufficient detail to make it ""clinically safe"" for a human to just read the narrative.","Document profiles may define what content should be represented in the narrative to ensure clinical safety.","","","","","","","","",,,,,"",,,,"Composition.section.text",0,1,"cmp-1
","ele-1:All FHIR elements must have a @value or children {hasValue() or (children().count() > id.count())}
",".text",".text"
"Composition.section.mode","","","",0,1,"","","","code {[]} {[]}
","working | snapshot | changes","How the entry list was prepared - whether it is a working list that is suitable for being maintained on an ongoing basis, or if it represents a snapshot of a list of items from another source, or whether it is a prepared list where items may be marked as added, modified or deleted.","This element is labeled as a modifier because a change list must not be misunderstood as a complete list.","Sections are used in various ways, and it must be known in what way it is safe to use the entries in them.","","","","","","","",,"required","The processing mode that applies to this section.","http://hl7.org/fhir/ValueSet/list-mode|4.0.1","",,,,"Composition.section.mode",0,1,"","ele-1:All FHIR elements must have a @value or children {hasValue() or (children().count() > id.count())}
",".outBoundRelationship[typeCode=COMP].target[classCode=OBS""].value","n/a","FiveWs.class"
"Composition.section.orderedBy","","","",0,1,"","","","CodeableConcept {[]} {[]}
","Order of section entries","Specifies the order applied to the items in the section entries.","Applications SHOULD render ordered lists in the order provided, but MAY allow users to re-order based on their own preferences as well. If there is no order specified, the order is unknown, though there may still be some order.","Important for presentation and rendering.  Lists may be sorted to place more important information first or to group related entries.","","","","","","","",,"preferred","What order applies to the items in the entry.","http://hl7.org/fhir/ValueSet/list-order","",,,,"Composition.section.orderedBy",0,1,"","ele-1:All FHIR elements must have a @value or children {hasValue() or (children().count() > id.count())}
",".outboundRelationship[typeCode=COMP].sequenceNumber > 1","n/a"
"Composition.section.entry","","","",0,*,"","","","Reference {[]} {[CanonicalType[http://hl7.org/fhir/StructureDefinition/Resource]]}
","A reference to data that supports this section","A reference to the actual resource from which the narrative in the section is derived.","If there are no entries in the list, an emptyReason SHOULD be provided.","","","","","","","","",,,,,"",,,,"Composition.section.entry",0,*,"cmp-2
","ele-1:All FHIR elements must have a @value or children {hasValue() or (children().count() > id.count())}
",".outboundRelationship[typeCode=COMP] or  .participation[typeCode=SBJ]",".entry"
"Composition.section.emptyReason","","","",0,1,"","","","CodeableConcept {[]} {[]}
","Why the section is empty","If the section is empty, why the list is empty. An empty section typically has some text explaining the empty reason.","The various reasons for an empty section make a significant interpretation to its interpretation. Note that this code is for use when the entire section content has been suppressed, and not for when individual items are omitted - implementers may consider using a text note or a flag on an entry in these cases.","Allows capturing things like ""none exist"" or ""not asked"" which can be important for most lists.","","","","","","","",,"preferred","If a section is empty, why it is empty.","http://hl7.org/fhir/ValueSet/list-empty-reason","",,,,"Composition.section.emptyReason",0,1,"cmp-2
","ele-1:All FHIR elements must have a @value or children {hasValue() or (children().count() > id.count())}
",".inboundRelationship[typeCode=SUBJ,code<ListEmptyReason].value[type=CD]","n/a"
"Composition.section.section","","","",0,*,"","","","","Nested Section","A nested sub-section within this section.","Nested sections are primarily used to help human readers navigate to particular portions of the document.","","","","","","","","",,,,,"",,,,"Composition.section.section",0,*,"cmp-1
","ele-1:All FHIR elements must have a @value or children {hasValue() or (children().count() > id.count())}
","./outboundRelationship[typeCode=""COMP"" and isNormalActRelationship()]/target[moodCode=""EVN"" and classCode=""DOCSECT"" and isNormalAct]",".component.section"
"Composition.section","proband","","",1,1,"Y","","","BackboneElement {[]} {[]}
","Composition is broken into sections","The root of the sections that make up the composition.","","","","","","","","","",,,,,"",,,,"Composition.section",0,*,"","cmp-1:A section must contain at least one of text, entries, or sub-sections {text.exists() or entry.exists() or section.exists()}
cmp-2:A section can only have an emptyReason if it is empty {emptyReason.empty() or entry.empty()}ele-1:All FHIR elements must have a @value or children {hasValue() or (children().count() > id.count())}","./outboundRelationship[typeCode=""COMP"" and isNormalActRelationship()]/target[moodCode=""EVN"" and classCode=""DOCSECT"" and isNormalAct]",".component.structuredBody.component.section"
"Composition.section.id","","","",0,1,"","","","string {[]} {[]}
","Unique id for inter-element referencing","Unique id for the element within a resource (for internal references). This may be any string value that does not contain spaces.","","","","","","","","","",,,,,"",,,,"Element.id",0,1,"","","n/a"
"Composition.section.extension","","extensions
user content","",0,*,"","","","Extension {[]} {[]}
","Additional content defined by implementations","May be used to represent additional information that is not part of the basic definition of the element. To make the use of extensions safe and manageable, there is a strict set of governance  applied to the definition and use of extensions. Though any implementer can define an extension, there is a set of requirements that SHALL be met as part of the definition of the extension.","There can be no stigma associated with the use of extensions by any application, project, or standard - regardless of the institution or jurisdiction that uses or defines the extensions.  The use of extensions is what allows the FHIR specification to retain a core level of simplicity for everyone.","","","","","","","","",,,,,"",,,,"Element.extension",0,*,"","ele-1:All FHIR elements must have a @value or children {hasValue() or (children().count() > id.count())}
ext-1:Must have either extensions or value[x], not both {extension.exists() != value.exists()}","n/a"
"Composition.section.modifierExtension","","extensions
user contentmodifiers","",0,*,"","Y","Y","Extension {[]} {[]}
","Extensions that cannot be ignored even if unrecognized","May be used to represent additional information that is not part of the basic definition of the element and that modifies the understanding of the element in which it is contained and/or the understanding of the containing element's descendants. Usually modifier elements provide negation or qualification. To make the use of extensions safe and manageable, there is a strict set of governance applied to the definition and use of extensions. Though any implementer can define an extension, there is a set of requirements that SHALL be met as part of the definition of the extension. Applications processing a resource are required to check for modifier extensions.

Modifier extensions SHALL NOT change the meaning of any elements on Resource or DomainResource (including cannot change the meaning of modifierExtension itself).","There can be no stigma associated with the use of extensions by any application, project, or standard - regardless of the institution or jurisdiction that uses or defines the extensions.  The use of extensions is what allows the FHIR specification to retain a core level of simplicity for everyone.","Modifier extensions allow for extensions that *cannot* be safely ignored to be clearly distinguished from the vast majority of extensions which can be safely ignored.  This promotes interoperability by eliminating the need for implementers to prohibit the presence of extensions. For further information, see the [definition of modifier extensions](http://hl7.org/fhir/R4/extensibility.html#modifierExtension).","","","","","","","",,,,,"",,,,"BackboneElement.modifierExtension",0,*,"","ele-1:All FHIR elements must have a @value or children {hasValue() or (children().count() > id.count())}
ext-1:Must have either extensions or value[x], not both {extension.exists() != value.exists()}","N/A"
"Composition.section.title","","header
labelcaption","",0,1,"","","","string {[]} {[]}
","Label for section (e.g. for ToC)","The label for this particular section.  This will be part of the rendered content for the document, and is often used to build a table of contents.","The title identifies the section for a human reader. The title must be consistent with the narrative of the resource that is the target of the section.content reference. Generally, sections SHOULD have titles, but in some documents, it is unnecessary or inappropriate. Typically, this is where a section has subsections that have their own adequately distinguishing title,  or documents that only have a single section. Most Implementation Guides will make section title to be a required element.","Section headings are often standardized for different types of documents.  They give guidance to humans on how the document is organized.","","","","<valueString xmlns=""http://hl7.org/fhir"" value=""Proband""/>","","","",,,,,"",,,,"Composition.section.title",0,1,"","ele-1:All FHIR elements must have a @value or children {hasValue() or (children().count() > id.count())}
","./title",".title"
"Composition.section.code","","","",1,1,"","","","CodeableConcept {[]} {[]}
","Classification of section (recommended)","A code identifying the kind of content contained within the section. This must be consistent with the section title.","The code identifies the section for an automated processor of the document. This is particularly relevant when using profiles to control the structure of the document.   

If the section has content (instead of sub-sections), the section.code does not change the meaning or interpretation of the resource that is the content of the section in the comments for the section.code.","Provides computable standardized labels to topics within the document.","","","","<valueCodeableConcept xmlns=""http://hl7.org/fhir"">
  <coding>
    <system value=""https://liberaliscomputing.github.io/pedigree-fhir-ig/CodeSystem/pedigree-sectioning""/>
    <code value=""proband""/>
  </coding>
</valueCodeableConcept>","","","",,"example","Classification of a section of a composition/document.","http://hl7.org/fhir/ValueSet/doc-section-codes","",,,,"Composition.section.code",0,1,"","ele-1:All FHIR elements must have a @value or children {hasValue() or (children().count() > id.count())}
","./code",".code"
"Composition.section.author","","","",0,*,"","","","Reference {[]} {[CanonicalType[http://hl7.org/fhir/StructureDefinition/Practitioner], CanonicalType[http://hl7.org/fhir/StructureDefinition/PractitionerRole], CanonicalType[http://hl7.org/fhir/StructureDefinition/Device], CanonicalType[http://hl7.org/fhir/StructureDefinition/Patient], CanonicalType[http://hl7.org/fhir/StructureDefinition/RelatedPerson], CanonicalType[http://hl7.org/fhir/StructureDefinition/Organization]]}
","Who and/or what authored the section","Identifies who is responsible for the information in this section, not necessarily who typed it in.","","Identifies who is responsible for the content.","","","","","","","",,,,,"",,,,"Composition.section.author",0,*,"","ele-1:All FHIR elements must have a @value or children {hasValue() or (children().count() > id.count())}
",".participation[typeCode=""AUT""].role[classCode=""ASSIGNED""]",".author.assignedAuthor","FiveWs.author"
"Composition.section.focus","","","",0,1,"","","","Reference {[]} {[CanonicalType[http://hl7.org/fhir/StructureDefinition/Resource]]}
","Who/what the section is about, when it is not about the subject of composition","The actual focus of the section when it is not the subject of the composition, but instead represents something or someone associated with the subject such as (for a patient subject) a spouse, parent, fetus, or donor. If not focus is specified, the focus is assumed to be focus of the parent section, or, for a section in the Composition itself, the subject of the composition. Sections with a focus SHALL only include resources where the logical subject (patient, subject, focus, etc.) matches the section focus, or the resources have no logical subject (few resources).","Typically, sections in a doument are about the subject of the document, whether that is a  patient, or group of patients, location, or device, or whatever. For some kind of documents, some sections actually contain data about related entities. Typical examples are  a section in a newborn discharge summary concerning the mother, or family history documents, with a section about each family member, though there are many other examples.","","","","","","","","",,,,,"",,,,"Composition.section.focus",0,1,"","ele-1:All FHIR elements must have a @value or children {hasValue() or (children().count() > id.count())}
",".subject? (CDA did not differentiate between subject and focus)"
"Composition.section.text","","","",0,1,"","","","Narrative {[]} {[]}
","Text summary of the section, for human interpretation","A human-readable narrative that contains the attested content of the section, used to represent the content of the resource to a human. The narrative need not encode all the structured data, but is required to contain sufficient detail to make it ""clinically safe"" for a human to just read the narrative.","Document profiles may define what content should be represented in the narrative to ensure clinical safety.","","","","","","","","",,,,,"",,,,"Composition.section.text",0,1,"cmp-1
","ele-1:All FHIR elements must have a @value or children {hasValue() or (children().count() > id.count())}
",".text",".text"
"Composition.section.mode","","","",0,1,"","","","code {[]} {[]}
","working | snapshot | changes","How the entry list was prepared - whether it is a working list that is suitable for being maintained on an ongoing basis, or if it represents a snapshot of a list of items from another source, or whether it is a prepared list where items may be marked as added, modified or deleted.","This element is labeled as a modifier because a change list must not be misunderstood as a complete list.","Sections are used in various ways, and it must be known in what way it is safe to use the entries in them.","","","","","","","",,"required","The processing mode that applies to this section.","http://hl7.org/fhir/ValueSet/list-mode|4.0.1","",,,,"Composition.section.mode",0,1,"","ele-1:All FHIR elements must have a @value or children {hasValue() or (children().count() > id.count())}
",".outBoundRelationship[typeCode=COMP].target[classCode=OBS""].value","n/a","FiveWs.class"
"Composition.section.orderedBy","","","",0,1,"","","","CodeableConcept {[]} {[]}
","Order of section entries","Specifies the order applied to the items in the section entries.","Applications SHOULD render ordered lists in the order provided, but MAY allow users to re-order based on their own preferences as well. If there is no order specified, the order is unknown, though there may still be some order.","Important for presentation and rendering.  Lists may be sorted to place more important information first or to group related entries.","","","","","","","",,"preferred","What order applies to the items in the entry.","http://hl7.org/fhir/ValueSet/list-order","",,,,"Composition.section.orderedBy",0,1,"","ele-1:All FHIR elements must have a @value or children {hasValue() or (children().count() > id.count())}
",".outboundRelationship[typeCode=COMP].sequenceNumber > 1","n/a"
"Composition.section.entry","","","",0,1,"","","","Reference {[]} {[CanonicalType[https://liberaliscomputing.github.io/pedigree-fhir-ig/StructureDefinition/individual]]}
","A reference to data that supports this section","A reference to the actual resource from which the narrative in the section is derived.","If there are no entries in the list, an emptyReason SHOULD be provided.","","","","","","","","",,,,,"",,,,"Composition.section.entry",0,*,"cmp-2
","ele-1:All FHIR elements must have a @value or children {hasValue() or (children().count() > id.count())}
",".outboundRelationship[typeCode=COMP] or  .participation[typeCode=SBJ]",".entry"
"Composition.section.emptyReason","","","",0,1,"","","","CodeableConcept {[]} {[]}
","Why the section is empty","If the section is empty, why the list is empty. An empty section typically has some text explaining the empty reason.","The various reasons for an empty section make a significant interpretation to its interpretation. Note that this code is for use when the entire section content has been suppressed, and not for when individual items are omitted - implementers may consider using a text note or a flag on an entry in these cases.","Allows capturing things like ""none exist"" or ""not asked"" which can be important for most lists.","","","","","","","",,"preferred","If a section is empty, why it is empty.","http://hl7.org/fhir/ValueSet/list-empty-reason","",,,,"Composition.section.emptyReason",0,1,"cmp-2
","ele-1:All FHIR elements must have a @value or children {hasValue() or (children().count() > id.count())}
",".inboundRelationship[typeCode=SUBJ,code<ListEmptyReason].value[type=CD]","n/a"
"Composition.section.section","","","",0,*,"","","","","Nested Section","A nested sub-section within this section.","Nested sections are primarily used to help human readers navigate to particular portions of the document.","","","","","","","","",,,,,"",,,,"Composition.section.section",0,*,"cmp-1
","ele-1:All FHIR elements must have a @value or children {hasValue() or (children().count() > id.count())}
","./outboundRelationship[typeCode=""COMP"" and isNormalActRelationship()]/target[moodCode=""EVN"" and classCode=""DOCSECT"" and isNormalAct]",".component.section"
"Composition.section","individual","","",1,1,"Y","","","BackboneElement {[]} {[]}
","Composition is broken into sections","The root of the sections that make up the composition.","","","","","","","","","",,,,,"",,,,"Composition.section",0,*,"","cmp-1:A section must contain at least one of text, entries, or sub-sections {text.exists() or entry.exists() or section.exists()}
cmp-2:A section can only have an emptyReason if it is empty {emptyReason.empty() or entry.empty()}ele-1:All FHIR elements must have a @value or children {hasValue() or (children().count() > id.count())}","./outboundRelationship[typeCode=""COMP"" and isNormalActRelationship()]/target[moodCode=""EVN"" and classCode=""DOCSECT"" and isNormalAct]",".component.structuredBody.component.section"
"Composition.section.id","","","",0,1,"","","","string {[]} {[]}
","Unique id for inter-element referencing","Unique id for the element within a resource (for internal references). This may be any string value that does not contain spaces.","","","","","","","","","",,,,,"",,,,"Element.id",0,1,"","","n/a"
"Composition.section.extension","","extensions
user content","",0,*,"","","","Extension {[]} {[]}
","Additional content defined by implementations","May be used to represent additional information that is not part of the basic definition of the element. To make the use of extensions safe and manageable, there is a strict set of governance  applied to the definition and use of extensions. Though any implementer can define an extension, there is a set of requirements that SHALL be met as part of the definition of the extension.","There can be no stigma associated with the use of extensions by any application, project, or standard - regardless of the institution or jurisdiction that uses or defines the extensions.  The use of extensions is what allows the FHIR specification to retain a core level of simplicity for everyone.","","","","","","","","",,,,,"",,,,"Element.extension",0,*,"","ele-1:All FHIR elements must have a @value or children {hasValue() or (children().count() > id.count())}
ext-1:Must have either extensions or value[x], not both {extension.exists() != value.exists()}","n/a"
"Composition.section.modifierExtension","","extensions
user contentmodifiers","",0,*,"","Y","Y","Extension {[]} {[]}
","Extensions that cannot be ignored even if unrecognized","May be used to represent additional information that is not part of the basic definition of the element and that modifies the understanding of the element in which it is contained and/or the understanding of the containing element's descendants. Usually modifier elements provide negation or qualification. To make the use of extensions safe and manageable, there is a strict set of governance applied to the definition and use of extensions. Though any implementer can define an extension, there is a set of requirements that SHALL be met as part of the definition of the extension. Applications processing a resource are required to check for modifier extensions.

Modifier extensions SHALL NOT change the meaning of any elements on Resource or DomainResource (including cannot change the meaning of modifierExtension itself).","There can be no stigma associated with the use of extensions by any application, project, or standard - regardless of the institution or jurisdiction that uses or defines the extensions.  The use of extensions is what allows the FHIR specification to retain a core level of simplicity for everyone.","Modifier extensions allow for extensions that *cannot* be safely ignored to be clearly distinguished from the vast majority of extensions which can be safely ignored.  This promotes interoperability by eliminating the need for implementers to prohibit the presence of extensions. For further information, see the [definition of modifier extensions](http://hl7.org/fhir/R4/extensibility.html#modifierExtension).","","","","","","","",,,,,"",,,,"BackboneElement.modifierExtension",0,*,"","ele-1:All FHIR elements must have a @value or children {hasValue() or (children().count() > id.count())}
ext-1:Must have either extensions or value[x], not both {extension.exists() != value.exists()}","N/A"
"Composition.section.title","","header
labelcaption","",0,1,"","","","string {[]} {[]}
","Label for section (e.g. for ToC)","The label for this particular section.  This will be part of the rendered content for the document, and is often used to build a table of contents.","The title identifies the section for a human reader. The title must be consistent with the narrative of the resource that is the target of the section.content reference. Generally, sections SHOULD have titles, but in some documents, it is unnecessary or inappropriate. Typically, this is where a section has subsections that have their own adequately distinguishing title,  or documents that only have a single section. Most Implementation Guides will make section title to be a required element.","Section headings are often standardized for different types of documents.  They give guidance to humans on how the document is organized.","","","","<valueString xmlns=""http://hl7.org/fhir"" value=""Individual""/>","","","",,,,,"",,,,"Composition.section.title",0,1,"","ele-1:All FHIR elements must have a @value or children {hasValue() or (children().count() > id.count())}
","./title",".title"
"Composition.section.code","","","",1,1,"","","","CodeableConcept {[]} {[]}
","Classification of section (recommended)","A code identifying the kind of content contained within the section. This must be consistent with the section title.","The code identifies the section for an automated processor of the document. This is particularly relevant when using profiles to control the structure of the document.   

If the section has content (instead of sub-sections), the section.code does not change the meaning or interpretation of the resource that is the content of the section in the comments for the section.code.","Provides computable standardized labels to topics within the document.","","","","<valueCodeableConcept xmlns=""http://hl7.org/fhir"">
  <coding>
    <system value=""https://liberaliscomputing.github.io/pedigree-fhir-ig/CodeSystem/pedigree-sectioning""/>
    <code value=""individual""/>
  </coding>
</valueCodeableConcept>","","","",,"example","Classification of a section of a composition/document.","http://hl7.org/fhir/ValueSet/doc-section-codes","",,,,"Composition.section.code",0,1,"","ele-1:All FHIR elements must have a @value or children {hasValue() or (children().count() > id.count())}
","./code",".code"
"Composition.section.author","","","",0,*,"","","","Reference {[]} {[CanonicalType[http://hl7.org/fhir/StructureDefinition/Practitioner], CanonicalType[http://hl7.org/fhir/StructureDefinition/PractitionerRole], CanonicalType[http://hl7.org/fhir/StructureDefinition/Device], CanonicalType[http://hl7.org/fhir/StructureDefinition/Patient], CanonicalType[http://hl7.org/fhir/StructureDefinition/RelatedPerson], CanonicalType[http://hl7.org/fhir/StructureDefinition/Organization]]}
","Who and/or what authored the section","Identifies who is responsible for the information in this section, not necessarily who typed it in.","","Identifies who is responsible for the content.","","","","","","","",,,,,"",,,,"Composition.section.author",0,*,"","ele-1:All FHIR elements must have a @value or children {hasValue() or (children().count() > id.count())}
",".participation[typeCode=""AUT""].role[classCode=""ASSIGNED""]",".author.assignedAuthor","FiveWs.author"
"Composition.section.focus","","","",0,1,"","","","Reference {[]} {[CanonicalType[http://hl7.org/fhir/StructureDefinition/Resource]]}
","Who/what the section is about, when it is not about the subject of composition","The actual focus of the section when it is not the subject of the composition, but instead represents something or someone associated with the subject such as (for a patient subject) a spouse, parent, fetus, or donor. If not focus is specified, the focus is assumed to be focus of the parent section, or, for a section in the Composition itself, the subject of the composition. Sections with a focus SHALL only include resources where the logical subject (patient, subject, focus, etc.) matches the section focus, or the resources have no logical subject (few resources).","Typically, sections in a doument are about the subject of the document, whether that is a  patient, or group of patients, location, or device, or whatever. For some kind of documents, some sections actually contain data about related entities. Typical examples are  a section in a newborn discharge summary concerning the mother, or family history documents, with a section about each family member, though there are many other examples.","","","","","","","","",,,,,"",,,,"Composition.section.focus",0,1,"","ele-1:All FHIR elements must have a @value or children {hasValue() or (children().count() > id.count())}
",".subject? (CDA did not differentiate between subject and focus)"
"Composition.section.text","","","",0,1,"","","","Narrative {[]} {[]}
","Text summary of the section, for human interpretation","A human-readable narrative that contains the attested content of the section, used to represent the content of the resource to a human. The narrative need not encode all the structured data, but is required to contain sufficient detail to make it ""clinically safe"" for a human to just read the narrative.","Document profiles may define what content should be represented in the narrative to ensure clinical safety.","","","","","","","","",,,,,"",,,,"Composition.section.text",0,1,"cmp-1
","ele-1:All FHIR elements must have a @value or children {hasValue() or (children().count() > id.count())}
",".text",".text"
"Composition.section.mode","","","",0,1,"","","","code {[]} {[]}
","working | snapshot | changes","How the entry list was prepared - whether it is a working list that is suitable for being maintained on an ongoing basis, or if it represents a snapshot of a list of items from another source, or whether it is a prepared list where items may be marked as added, modified or deleted.","This element is labeled as a modifier because a change list must not be misunderstood as a complete list.","Sections are used in various ways, and it must be known in what way it is safe to use the entries in them.","","","","","","","",,"required","The processing mode that applies to this section.","http://hl7.org/fhir/ValueSet/list-mode|4.0.1","",,,,"Composition.section.mode",0,1,"","ele-1:All FHIR elements must have a @value or children {hasValue() or (children().count() > id.count())}
",".outBoundRelationship[typeCode=COMP].target[classCode=OBS""].value","n/a","FiveWs.class"
"Composition.section.orderedBy","","","",0,1,"","","","CodeableConcept {[]} {[]}
","Order of section entries","Specifies the order applied to the items in the section entries.","Applications SHOULD render ordered lists in the order provided, but MAY allow users to re-order based on their own preferences as well. If there is no order specified, the order is unknown, though there may still be some order.","Important for presentation and rendering.  Lists may be sorted to place more important information first or to group related entries.","","","","","","","",,"preferred","What order applies to the items in the entry.","http://hl7.org/fhir/ValueSet/list-order","",,,,"Composition.section.orderedBy",0,1,"","ele-1:All FHIR elements must have a @value or children {hasValue() or (children().count() > id.count())}
",".outboundRelationship[typeCode=COMP].sequenceNumber > 1","n/a"
"Composition.section.entry","","","",1,*,"","","","Reference {[]} {[CanonicalType[https://liberaliscomputing.github.io/pedigree-fhir-ig/StructureDefinition/individual]]}
","A reference to data that supports this section","A reference to the actual resource from which the narrative in the section is derived.","If there are no entries in the list, an emptyReason SHOULD be provided.","","","","","","","","",,,,,"",,,,"Composition.section.entry",0,*,"cmp-2
","ele-1:All FHIR elements must have a @value or children {hasValue() or (children().count() > id.count())}
",".outboundRelationship[typeCode=COMP] or  .participation[typeCode=SBJ]",".entry"
"Composition.section.emptyReason","","","",0,1,"","","","CodeableConcept {[]} {[]}
","Why the section is empty","If the section is empty, why the list is empty. An empty section typically has some text explaining the empty reason.","The various reasons for an empty section make a significant interpretation to its interpretation. Note that this code is for use when the entire section content has been suppressed, and not for when individual items are omitted - implementers may consider using a text note or a flag on an entry in these cases.","Allows capturing things like ""none exist"" or ""not asked"" which can be important for most lists.","","","","","","","",,"preferred","If a section is empty, why it is empty.","http://hl7.org/fhir/ValueSet/list-empty-reason","",,,,"Composition.section.emptyReason",0,1,"cmp-2
","ele-1:All FHIR elements must have a @value or children {hasValue() or (children().count() > id.count())}
",".inboundRelationship[typeCode=SUBJ,code<ListEmptyReason].value[type=CD]","n/a"
"Composition.section.section","","","",0,*,"","","","","Nested Section","A nested sub-section within this section.","Nested sections are primarily used to help human readers navigate to particular portions of the document.","","","","","","","","",,,,,"",,,,"Composition.section.section",0,*,"cmp-1
","ele-1:All FHIR elements must have a @value or children {hasValue() or (children().count() > id.count())}
","./outboundRelationship[typeCode=""COMP"" and isNormalActRelationship()]/target[moodCode=""EVN"" and classCode=""DOCSECT"" and isNormalAct]",".component.section"
"Composition.section","relationship","","",1,1,"Y","","","BackboneElement {[]} {[]}
","Composition is broken into sections","The root of the sections that make up the composition.","","","","","","","","","",,,,,"",,,,"Composition.section",0,*,"","cmp-1:A section must contain at least one of text, entries, or sub-sections {text.exists() or entry.exists() or section.exists()}
cmp-2:A section can only have an emptyReason if it is empty {emptyReason.empty() or entry.empty()}ele-1:All FHIR elements must have a @value or children {hasValue() or (children().count() > id.count())}","./outboundRelationship[typeCode=""COMP"" and isNormalActRelationship()]/target[moodCode=""EVN"" and classCode=""DOCSECT"" and isNormalAct]",".component.structuredBody.component.section"
"Composition.section.id","","","",0,1,"","","","string {[]} {[]}
","Unique id for inter-element referencing","Unique id for the element within a resource (for internal references). This may be any string value that does not contain spaces.","","","","","","","","","",,,,,"",,,,"Element.id",0,1,"","","n/a"
"Composition.section.extension","","extensions
user content","",0,*,"","","","Extension {[]} {[]}
","Additional content defined by implementations","May be used to represent additional information that is not part of the basic definition of the element. To make the use of extensions safe and manageable, there is a strict set of governance  applied to the definition and use of extensions. Though any implementer can define an extension, there is a set of requirements that SHALL be met as part of the definition of the extension.","There can be no stigma associated with the use of extensions by any application, project, or standard - regardless of the institution or jurisdiction that uses or defines the extensions.  The use of extensions is what allows the FHIR specification to retain a core level of simplicity for everyone.","","","","","","","","",,,,,"",,,,"Element.extension",0,*,"","ele-1:All FHIR elements must have a @value or children {hasValue() or (children().count() > id.count())}
ext-1:Must have either extensions or value[x], not both {extension.exists() != value.exists()}","n/a"
"Composition.section.modifierExtension","","extensions
user contentmodifiers","",0,*,"","Y","Y","Extension {[]} {[]}
","Extensions that cannot be ignored even if unrecognized","May be used to represent additional information that is not part of the basic definition of the element and that modifies the understanding of the element in which it is contained and/or the understanding of the containing element's descendants. Usually modifier elements provide negation or qualification. To make the use of extensions safe and manageable, there is a strict set of governance applied to the definition and use of extensions. Though any implementer can define an extension, there is a set of requirements that SHALL be met as part of the definition of the extension. Applications processing a resource are required to check for modifier extensions.

Modifier extensions SHALL NOT change the meaning of any elements on Resource or DomainResource (including cannot change the meaning of modifierExtension itself).","There can be no stigma associated with the use of extensions by any application, project, or standard - regardless of the institution or jurisdiction that uses or defines the extensions.  The use of extensions is what allows the FHIR specification to retain a core level of simplicity for everyone.","Modifier extensions allow for extensions that *cannot* be safely ignored to be clearly distinguished from the vast majority of extensions which can be safely ignored.  This promotes interoperability by eliminating the need for implementers to prohibit the presence of extensions. For further information, see the [definition of modifier extensions](http://hl7.org/fhir/R4/extensibility.html#modifierExtension).","","","","","","","",,,,,"",,,,"BackboneElement.modifierExtension",0,*,"","ele-1:All FHIR elements must have a @value or children {hasValue() or (children().count() > id.count())}
ext-1:Must have either extensions or value[x], not both {extension.exists() != value.exists()}","N/A"
"Composition.section.title","","header
labelcaption","",0,1,"","","","string {[]} {[]}
","Label for section (e.g. for ToC)","The label for this particular section.  This will be part of the rendered content for the document, and is often used to build a table of contents.","The title identifies the section for a human reader. The title must be consistent with the narrative of the resource that is the target of the section.content reference. Generally, sections SHOULD have titles, but in some documents, it is unnecessary or inappropriate. Typically, this is where a section has subsections that have their own adequately distinguishing title,  or documents that only have a single section. Most Implementation Guides will make section title to be a required element.","Section headings are often standardized for different types of documents.  They give guidance to humans on how the document is organized.","","","","<valueString xmlns=""http://hl7.org/fhir"" value=""Relationship""/>","","","",,,,,"",,,,"Composition.section.title",0,1,"","ele-1:All FHIR elements must have a @value or children {hasValue() or (children().count() > id.count())}
","./title",".title"
"Composition.section.code","","","",1,1,"","","","CodeableConcept {[]} {[]}
","Classification of section (recommended)","A code identifying the kind of content contained within the section. This must be consistent with the section title.","The code identifies the section for an automated processor of the document. This is particularly relevant when using profiles to control the structure of the document.   

If the section has content (instead of sub-sections), the section.code does not change the meaning or interpretation of the resource that is the content of the section in the comments for the section.code.","Provides computable standardized labels to topics within the document.","","","","<valueCodeableConcept xmlns=""http://hl7.org/fhir"">
  <coding>
    <system value=""https://liberaliscomputing.github.io/pedigree-fhir-ig/CodeSystem/pedigree-sectioning""/>
    <code value=""relationship""/>
  </coding>
</valueCodeableConcept>","","","",,"example","Classification of a section of a composition/document.","http://hl7.org/fhir/ValueSet/doc-section-codes","",,,,"Composition.section.code",0,1,"","ele-1:All FHIR elements must have a @value or children {hasValue() or (children().count() > id.count())}
","./code",".code"
"Composition.section.author","","","",0,*,"","","","Reference {[]} {[CanonicalType[http://hl7.org/fhir/StructureDefinition/Practitioner], CanonicalType[http://hl7.org/fhir/StructureDefinition/PractitionerRole], CanonicalType[http://hl7.org/fhir/StructureDefinition/Device], CanonicalType[http://hl7.org/fhir/StructureDefinition/Patient], CanonicalType[http://hl7.org/fhir/StructureDefinition/RelatedPerson], CanonicalType[http://hl7.org/fhir/StructureDefinition/Organization]]}
","Who and/or what authored the section","Identifies who is responsible for the information in this section, not necessarily who typed it in.","","Identifies who is responsible for the content.","","","","","","","",,,,,"",,,,"Composition.section.author",0,*,"","ele-1:All FHIR elements must have a @value or children {hasValue() or (children().count() > id.count())}
",".participation[typeCode=""AUT""].role[classCode=""ASSIGNED""]",".author.assignedAuthor","FiveWs.author"
"Composition.section.focus","","","",0,1,"","","","Reference {[]} {[CanonicalType[http://hl7.org/fhir/StructureDefinition/Resource]]}
","Who/what the section is about, when it is not about the subject of composition","The actual focus of the section when it is not the subject of the composition, but instead represents something or someone associated with the subject such as (for a patient subject) a spouse, parent, fetus, or donor. If not focus is specified, the focus is assumed to be focus of the parent section, or, for a section in the Composition itself, the subject of the composition. Sections with a focus SHALL only include resources where the logical subject (patient, subject, focus, etc.) matches the section focus, or the resources have no logical subject (few resources).","Typically, sections in a doument are about the subject of the document, whether that is a  patient, or group of patients, location, or device, or whatever. For some kind of documents, some sections actually contain data about related entities. Typical examples are  a section in a newborn discharge summary concerning the mother, or family history documents, with a section about each family member, though there are many other examples.","","","","","","","","",,,,,"",,,,"Composition.section.focus",0,1,"","ele-1:All FHIR elements must have a @value or children {hasValue() or (children().count() > id.count())}
",".subject? (CDA did not differentiate between subject and focus)"
"Composition.section.text","","","",0,1,"","","","Narrative {[]} {[]}
","Text summary of the section, for human interpretation","A human-readable narrative that contains the attested content of the section, used to represent the content of the resource to a human. The narrative need not encode all the structured data, but is required to contain sufficient detail to make it ""clinically safe"" for a human to just read the narrative.","Document profiles may define what content should be represented in the narrative to ensure clinical safety.","","","","","","","","",,,,,"",,,,"Composition.section.text",0,1,"cmp-1
","ele-1:All FHIR elements must have a @value or children {hasValue() or (children().count() > id.count())}
",".text",".text"
"Composition.section.mode","","","",0,1,"","","","code {[]} {[]}
","working | snapshot | changes","How the entry list was prepared - whether it is a working list that is suitable for being maintained on an ongoing basis, or if it represents a snapshot of a list of items from another source, or whether it is a prepared list where items may be marked as added, modified or deleted.","This element is labeled as a modifier because a change list must not be misunderstood as a complete list.","Sections are used in various ways, and it must be known in what way it is safe to use the entries in them.","","","","","","","",,"required","The processing mode that applies to this section.","http://hl7.org/fhir/ValueSet/list-mode|4.0.1","",,,,"Composition.section.mode",0,1,"","ele-1:All FHIR elements must have a @value or children {hasValue() or (children().count() > id.count())}
",".outBoundRelationship[typeCode=COMP].target[classCode=OBS""].value","n/a","FiveWs.class"
"Composition.section.orderedBy","","","",0,1,"","","","CodeableConcept {[]} {[]}
","Order of section entries","Specifies the order applied to the items in the section entries.","Applications SHOULD render ordered lists in the order provided, but MAY allow users to re-order based on their own preferences as well. If there is no order specified, the order is unknown, though there may still be some order.","Important for presentation and rendering.  Lists may be sorted to place more important information first or to group related entries.","","","","","","","",,"preferred","What order applies to the items in the entry.","http://hl7.org/fhir/ValueSet/list-order","",,,,"Composition.section.orderedBy",0,1,"","ele-1:All FHIR elements must have a @value or children {hasValue() or (children().count() > id.count())}
",".outboundRelationship[typeCode=COMP].sequenceNumber > 1","n/a"
"Composition.section.entry","","","",0,*,"","","","Reference {[]} {[CanonicalType[https://liberaliscomputing.github.io/pedigree-fhir-ig/StructureDefinition/relationship]]}
","A reference to data that supports this section","A reference to the actual resource from which the narrative in the section is derived.","If there are no entries in the list, an emptyReason SHOULD be provided.","","","","","","","","",,,,,"",,,,"Composition.section.entry",0,*,"cmp-2
","ele-1:All FHIR elements must have a @value or children {hasValue() or (children().count() > id.count())}
",".outboundRelationship[typeCode=COMP] or  .participation[typeCode=SBJ]",".entry"
"Composition.section.emptyReason","","","",0,1,"","","","CodeableConcept {[]} {[]}
","Why the section is empty","If the section is empty, why the list is empty. An empty section typically has some text explaining the empty reason.","The various reasons for an empty section make a significant interpretation to its interpretation. Note that this code is for use when the entire section content has been suppressed, and not for when individual items are omitted - implementers may consider using a text note or a flag on an entry in these cases.","Allows capturing things like ""none exist"" or ""not asked"" which can be important for most lists.","","","","","","","",,"preferred","If a section is empty, why it is empty.","http://hl7.org/fhir/ValueSet/list-empty-reason","",,,,"Composition.section.emptyReason",0,1,"cmp-2
","ele-1:All FHIR elements must have a @value or children {hasValue() or (children().count() > id.count())}
",".inboundRelationship[typeCode=SUBJ,code<ListEmptyReason].value[type=CD]","n/a"
"Composition.section.section","","","",0,*,"","","","","Nested Section","A nested sub-section within this section.","Nested sections are primarily used to help human readers navigate to particular portions of the document.","","","","","","","","",,,,,"",,,,"Composition.section.section",0,*,"cmp-1
","ele-1:All FHIR elements must have a @value or children {hasValue() or (children().count() > id.count())}
","./outboundRelationship[typeCode=""COMP"" and isNormalActRelationship()]/target[moodCode=""EVN"" and classCode=""DOCSECT"" and isNormalAct]",".component.section"
"Composition.section","reasonCollected","","",1,1,"Y","","","BackboneElement {[]} {[]}
","Composition is broken into sections","The root of the sections that make up the composition.","","","","","","","","","",,,,,"",,,,"Composition.section",0,*,"","cmp-1:A section must contain at least one of text, entries, or sub-sections {text.exists() or entry.exists() or section.exists()}
cmp-2:A section can only have an emptyReason if it is empty {emptyReason.empty() or entry.empty()}ele-1:All FHIR elements must have a @value or children {hasValue() or (children().count() > id.count())}","./outboundRelationship[typeCode=""COMP"" and isNormalActRelationship()]/target[moodCode=""EVN"" and classCode=""DOCSECT"" and isNormalAct]",".component.structuredBody.component.section"
"Composition.section.id","","","",0,1,"","","","string {[]} {[]}
","Unique id for inter-element referencing","Unique id for the element within a resource (for internal references). This may be any string value that does not contain spaces.","","","","","","","","","",,,,,"",,,,"Element.id",0,1,"","","n/a"
"Composition.section.extension","","extensions
user content","",0,*,"","","","Extension {[]} {[]}
","Additional content defined by implementations","May be used to represent additional information that is not part of the basic definition of the element. To make the use of extensions safe and manageable, there is a strict set of governance  applied to the definition and use of extensions. Though any implementer can define an extension, there is a set of requirements that SHALL be met as part of the definition of the extension.","There can be no stigma associated with the use of extensions by any application, project, or standard - regardless of the institution or jurisdiction that uses or defines the extensions.  The use of extensions is what allows the FHIR specification to retain a core level of simplicity for everyone.","","","","","","","","",,,,,"",,,,"Element.extension",0,*,"","ele-1:All FHIR elements must have a @value or children {hasValue() or (children().count() > id.count())}
ext-1:Must have either extensions or value[x], not both {extension.exists() != value.exists()}","n/a"
"Composition.section.modifierExtension","","extensions
user contentmodifiers","",0,*,"","Y","Y","Extension {[]} {[]}
","Extensions that cannot be ignored even if unrecognized","May be used to represent additional information that is not part of the basic definition of the element and that modifies the understanding of the element in which it is contained and/or the understanding of the containing element's descendants. Usually modifier elements provide negation or qualification. To make the use of extensions safe and manageable, there is a strict set of governance applied to the definition and use of extensions. Though any implementer can define an extension, there is a set of requirements that SHALL be met as part of the definition of the extension. Applications processing a resource are required to check for modifier extensions.

Modifier extensions SHALL NOT change the meaning of any elements on Resource or DomainResource (including cannot change the meaning of modifierExtension itself).","There can be no stigma associated with the use of extensions by any application, project, or standard - regardless of the institution or jurisdiction that uses or defines the extensions.  The use of extensions is what allows the FHIR specification to retain a core level of simplicity for everyone.","Modifier extensions allow for extensions that *cannot* be safely ignored to be clearly distinguished from the vast majority of extensions which can be safely ignored.  This promotes interoperability by eliminating the need for implementers to prohibit the presence of extensions. For further information, see the [definition of modifier extensions](http://hl7.org/fhir/R4/extensibility.html#modifierExtension).","","","","","","","",,,,,"",,,,"BackboneElement.modifierExtension",0,*,"","ele-1:All FHIR elements must have a @value or children {hasValue() or (children().count() > id.count())}
ext-1:Must have either extensions or value[x], not both {extension.exists() != value.exists()}","N/A"
"Composition.section.title","","header
labelcaption","",0,1,"","","","string {[]} {[]}
","Label for section (e.g. for ToC)","The label for this particular section.  This will be part of the rendered content for the document, and is often used to build a table of contents.","The title identifies the section for a human reader. The title must be consistent with the narrative of the resource that is the target of the section.content reference. Generally, sections SHOULD have titles, but in some documents, it is unnecessary or inappropriate. Typically, this is where a section has subsections that have their own adequately distinguishing title,  or documents that only have a single section. Most Implementation Guides will make section title to be a required element.","Section headings are often standardized for different types of documents.  They give guidance to humans on how the document is organized.","","","","<valueString xmlns=""http://hl7.org/fhir"" value=""Reason Collected""/>","","","",,,,,"",,,,"Composition.section.title",0,1,"","ele-1:All FHIR elements must have a @value or children {hasValue() or (children().count() > id.count())}
","./title",".title"
"Composition.section.code","","","",1,1,"","","","CodeableConcept {[]} {[]}
","Classification of section (recommended)","A code identifying the kind of content contained within the section. This must be consistent with the section title.","The code identifies the section for an automated processor of the document. This is particularly relevant when using profiles to control the structure of the document.   

If the section has content (instead of sub-sections), the section.code does not change the meaning or interpretation of the resource that is the content of the section in the comments for the section.code.","Provides computable standardized labels to topics within the document.","","","","<valueCodeableConcept xmlns=""http://hl7.org/fhir"">
  <coding>
    <system value=""https://liberaliscomputing.github.io/pedigree-fhir-ig/CodeSystem/pedigree-sectioning""/>
    <code value=""reason-collected""/>
  </coding>
</valueCodeableConcept>","","","",,"example","Classification of a section of a composition/document.","http://hl7.org/fhir/ValueSet/doc-section-codes","",,,,"Composition.section.code",0,1,"","ele-1:All FHIR elements must have a @value or children {hasValue() or (children().count() > id.count())}
","./code",".code"
"Composition.section.author","","","",0,*,"","","","Reference {[]} {[CanonicalType[http://hl7.org/fhir/StructureDefinition/Practitioner], CanonicalType[http://hl7.org/fhir/StructureDefinition/PractitionerRole], CanonicalType[http://hl7.org/fhir/StructureDefinition/Device], CanonicalType[http://hl7.org/fhir/StructureDefinition/Patient], CanonicalType[http://hl7.org/fhir/StructureDefinition/RelatedPerson], CanonicalType[http://hl7.org/fhir/StructureDefinition/Organization]]}
","Who and/or what authored the section","Identifies who is responsible for the information in this section, not necessarily who typed it in.","","Identifies who is responsible for the content.","","","","","","","",,,,,"",,,,"Composition.section.author",0,*,"","ele-1:All FHIR elements must have a @value or children {hasValue() or (children().count() > id.count())}
",".participation[typeCode=""AUT""].role[classCode=""ASSIGNED""]",".author.assignedAuthor","FiveWs.author"
"Composition.section.focus","","","",0,1,"","","","Reference {[]} {[CanonicalType[http://hl7.org/fhir/StructureDefinition/Resource]]}
","Who/what the section is about, when it is not about the subject of composition","The actual focus of the section when it is not the subject of the composition, but instead represents something or someone associated with the subject such as (for a patient subject) a spouse, parent, fetus, or donor. If not focus is specified, the focus is assumed to be focus of the parent section, or, for a section in the Composition itself, the subject of the composition. Sections with a focus SHALL only include resources where the logical subject (patient, subject, focus, etc.) matches the section focus, or the resources have no logical subject (few resources).","Typically, sections in a doument are about the subject of the document, whether that is a  patient, or group of patients, location, or device, or whatever. For some kind of documents, some sections actually contain data about related entities. Typical examples are  a section in a newborn discharge summary concerning the mother, or family history documents, with a section about each family member, though there are many other examples.","","","","","","","","",,,,,"",,,,"Composition.section.focus",0,1,"","ele-1:All FHIR elements must have a @value or children {hasValue() or (children().count() > id.count())}
",".subject? (CDA did not differentiate between subject and focus)"
"Composition.section.text","","","",0,1,"","","","Narrative {[]} {[]}
","Text summary of the section, for human interpretation","A human-readable narrative that contains the attested content of the section, used to represent the content of the resource to a human. The narrative need not encode all the structured data, but is required to contain sufficient detail to make it ""clinically safe"" for a human to just read the narrative.","Document profiles may define what content should be represented in the narrative to ensure clinical safety.","","","","","","","","",,,,,"",,,,"Composition.section.text",0,1,"cmp-1
","ele-1:All FHIR elements must have a @value or children {hasValue() or (children().count() > id.count())}
",".text",".text"
"Composition.section.mode","","","",0,1,"","","","code {[]} {[]}
","working | snapshot | changes","How the entry list was prepared - whether it is a working list that is suitable for being maintained on an ongoing basis, or if it represents a snapshot of a list of items from another source, or whether it is a prepared list where items may be marked as added, modified or deleted.","This element is labeled as a modifier because a change list must not be misunderstood as a complete list.","Sections are used in various ways, and it must be known in what way it is safe to use the entries in them.","","","","","","","",,"required","The processing mode that applies to this section.","http://hl7.org/fhir/ValueSet/list-mode|4.0.1","",,,,"Composition.section.mode",0,1,"","ele-1:All FHIR elements must have a @value or children {hasValue() or (children().count() > id.count())}
",".outBoundRelationship[typeCode=COMP].target[classCode=OBS""].value","n/a","FiveWs.class"
"Composition.section.orderedBy","","","",0,1,"","","","CodeableConcept {[]} {[]}
","Order of section entries","Specifies the order applied to the items in the section entries.","Applications SHOULD render ordered lists in the order provided, but MAY allow users to re-order based on their own preferences as well. If there is no order specified, the order is unknown, though there may still be some order.","Important for presentation and rendering.  Lists may be sorted to place more important information first or to group related entries.","","","","","","","",,"preferred","What order applies to the items in the entry.","http://hl7.org/fhir/ValueSet/list-order","",,,,"Composition.section.orderedBy",0,1,"","ele-1:All FHIR elements must have a @value or children {hasValue() or (children().count() > id.count())}
",".outboundRelationship[typeCode=COMP].sequenceNumber > 1","n/a"
"Composition.section.entry","","","",0,*,"","","","Reference {[]} {[CanonicalType[http://hl7.org/fhir/StructureDefinition/Condition]]}
","A reference to data that supports this section","A reference to the actual resource from which the narrative in the section is derived.","If there are no entries in the list, an emptyReason SHOULD be provided.","","","","","","","","",,,,,"",,,,"Composition.section.entry",0,*,"cmp-2
","ele-1:All FHIR elements must have a @value or children {hasValue() or (children().count() > id.count())}
",".outboundRelationship[typeCode=COMP] or  .participation[typeCode=SBJ]",".entry"
"Composition.section.emptyReason","","","",0,1,"","","","CodeableConcept {[]} {[]}
","Why the section is empty","If the section is empty, why the list is empty. An empty section typically has some text explaining the empty reason.","The various reasons for an empty section make a significant interpretation to its interpretation. Note that this code is for use when the entire section content has been suppressed, and not for when individual items are omitted - implementers may consider using a text note or a flag on an entry in these cases.","Allows capturing things like ""none exist"" or ""not asked"" which can be important for most lists.","","","","","","","",,"preferred","If a section is empty, why it is empty.","http://hl7.org/fhir/ValueSet/list-empty-reason","",,,,"Composition.section.emptyReason",0,1,"cmp-2
","ele-1:All FHIR elements must have a @value or children {hasValue() or (children().count() > id.count())}
",".inboundRelationship[typeCode=SUBJ,code<ListEmptyReason].value[type=CD]","n/a"
"Composition.section.section","","","",0,*,"","","","","Nested Section","A nested sub-section within this section.","Nested sections are primarily used to help human readers navigate to particular portions of the document.","","","","","","","","",,,,,"",,,,"Composition.section.section",0,*,"cmp-1
","ele-1:All FHIR elements must have a @value or children {hasValue() or (children().count() > id.count())}
","./outboundRelationship[typeCode=""COMP"" and isNormalActRelationship()]/target[moodCode=""EVN"" and classCode=""DOCSECT"" and isNormalAct]",".component.section"
